2023/01/19-09:26:43.013151 7f033c55dac0 RocksDB version: 6.17.0
2023/01/19-09:26:43.013315 7f033c55dac0 Git sha 0
2023/01/19-09:26:43.013408 7f033c55dac0 DB SUMMARY
2023/01/19-09:26:43.013413 7f033c55dac0 DB Session ID:  YS5JCOEJVR2FFVTS0PZO
2023/01/19-09:26:43.013439 7f033c55dac0 SST files in /home/sharikon/motoko_bootcamp/motokobootcamp2023-coreproject/.dfx/network/local/state/replicated_state/node-100/ic_consensus_pool/consensus dir, Total Num: 0, files: 
2023/01/19-09:26:43.013441 7f033c55dac0 Write Ahead Log file in /home/sharikon/motoko_bootcamp/motokobootcamp2023-coreproject/.dfx/network/local/state/replicated_state/node-100/ic_consensus_pool/consensus: 
2023/01/19-09:26:43.013442 7f033c55dac0                         Options.error_if_exists: 0
2023/01/19-09:26:43.013443 7f033c55dac0                       Options.create_if_missing: 1
2023/01/19-09:26:43.013444 7f033c55dac0                         Options.paranoid_checks: 1
2023/01/19-09:26:43.013444 7f033c55dac0                               Options.track_and_verify_wals_in_manifest: 0
2023/01/19-09:26:43.013445 7f033c55dac0                                     Options.env: 0x558cf3f9f9c0
2023/01/19-09:26:43.013446 7f033c55dac0                                      Options.fs: Posix File System
2023/01/19-09:26:43.013447 7f033c55dac0                                Options.info_log: 0x558d38bf13c0
2023/01/19-09:26:43.013448 7f033c55dac0                Options.max_file_opening_threads: 16
2023/01/19-09:26:43.013448 7f033c55dac0                              Options.statistics: (nil)
2023/01/19-09:26:43.013449 7f033c55dac0                               Options.use_fsync: 1
2023/01/19-09:26:43.013450 7f033c55dac0                       Options.max_log_file_size: 0
2023/01/19-09:26:43.013451 7f033c55dac0                  Options.max_manifest_file_size: 1073741824
2023/01/19-09:26:43.013451 7f033c55dac0                   Options.log_file_time_to_roll: 0
2023/01/19-09:26:43.013452 7f033c55dac0                       Options.keep_log_file_num: 1000
2023/01/19-09:26:43.013453 7f033c55dac0                    Options.recycle_log_file_num: 0
2023/01/19-09:26:43.013453 7f033c55dac0                         Options.allow_fallocate: 1
2023/01/19-09:26:43.013454 7f033c55dac0                        Options.allow_mmap_reads: 0
2023/01/19-09:26:43.013455 7f033c55dac0                       Options.allow_mmap_writes: 0
2023/01/19-09:26:43.013455 7f033c55dac0                        Options.use_direct_reads: 0
2023/01/19-09:26:43.013456 7f033c55dac0                        Options.use_direct_io_for_flush_and_compaction: 0
2023/01/19-09:26:43.013457 7f033c55dac0          Options.create_missing_column_families: 1
2023/01/19-09:26:43.013457 7f033c55dac0                              Options.db_log_dir: 
2023/01/19-09:26:43.013458 7f033c55dac0                                 Options.wal_dir: /home/sharikon/motoko_bootcamp/motokobootcamp2023-coreproject/.dfx/network/local/state/replicated_state/node-100/ic_consensus_pool/consensus
2023/01/19-09:26:43.013459 7f033c55dac0                Options.table_cache_numshardbits: 6
2023/01/19-09:26:43.013459 7f033c55dac0                         Options.WAL_ttl_seconds: 0
2023/01/19-09:26:43.013460 7f033c55dac0                       Options.WAL_size_limit_MB: 0
2023/01/19-09:26:43.013461 7f033c55dac0                        Options.max_write_batch_group_size_bytes: 1048576
2023/01/19-09:26:43.013461 7f033c55dac0             Options.manifest_preallocation_size: 4194304
2023/01/19-09:26:43.013462 7f033c55dac0                     Options.is_fd_close_on_exec: 1
2023/01/19-09:26:43.013463 7f033c55dac0                   Options.advise_random_on_open: 1
2023/01/19-09:26:43.013463 7f033c55dac0                    Options.db_write_buffer_size: 0
2023/01/19-09:26:43.013464 7f033c55dac0                    Options.write_buffer_manager: 0x558d38c14690
2023/01/19-09:26:43.013465 7f033c55dac0         Options.access_hint_on_compaction_start: 1
2023/01/19-09:26:43.013465 7f033c55dac0  Options.new_table_reader_for_compaction_inputs: 0
2023/01/19-09:26:43.013466 7f033c55dac0           Options.random_access_max_buffer_size: 1048576
2023/01/19-09:26:43.013467 7f033c55dac0                      Options.use_adaptive_mutex: 0
2023/01/19-09:26:43.013497 7f033c55dac0                            Options.rate_limiter: (nil)
2023/01/19-09:26:43.013499 7f033c55dac0     Options.sst_file_manager.rate_bytes_per_sec: 0
2023/01/19-09:26:43.013500 7f033c55dac0                       Options.wal_recovery_mode: 2
2023/01/19-09:26:43.013500 7f033c55dac0                  Options.enable_thread_tracking: 0
2023/01/19-09:26:43.013501 7f033c55dac0                  Options.enable_pipelined_write: 0
2023/01/19-09:26:43.013502 7f033c55dac0                  Options.unordered_write: 0
2023/01/19-09:26:43.013502 7f033c55dac0         Options.allow_concurrent_memtable_write: 1
2023/01/19-09:26:43.013503 7f033c55dac0      Options.enable_write_thread_adaptive_yield: 1
2023/01/19-09:26:43.013504 7f033c55dac0             Options.write_thread_max_yield_usec: 100
2023/01/19-09:26:43.013504 7f033c55dac0            Options.write_thread_slow_yield_usec: 3
2023/01/19-09:26:43.013505 7f033c55dac0                               Options.row_cache: None
2023/01/19-09:26:43.013506 7f033c55dac0                              Options.wal_filter: None
2023/01/19-09:26:43.013506 7f033c55dac0             Options.avoid_flush_during_recovery: 0
2023/01/19-09:26:43.013507 7f033c55dac0             Options.allow_ingest_behind: 0
2023/01/19-09:26:43.013508 7f033c55dac0             Options.preserve_deletes: 0
2023/01/19-09:26:43.013508 7f033c55dac0             Options.two_write_queues: 0
2023/01/19-09:26:43.013509 7f033c55dac0             Options.manual_wal_flush: 0
2023/01/19-09:26:43.013510 7f033c55dac0             Options.atomic_flush: 0
2023/01/19-09:26:43.013510 7f033c55dac0             Options.avoid_unnecessary_blocking_io: 0
2023/01/19-09:26:43.013511 7f033c55dac0                 Options.persist_stats_to_disk: 0
2023/01/19-09:26:43.013512 7f033c55dac0                 Options.write_dbid_to_manifest: 0
2023/01/19-09:26:43.013512 7f033c55dac0                 Options.log_readahead_size: 0
2023/01/19-09:26:43.013513 7f033c55dac0                 Options.file_checksum_gen_factory: Unknown
2023/01/19-09:26:43.013514 7f033c55dac0                 Options.best_efforts_recovery: 0
2023/01/19-09:26:43.013515 7f033c55dac0                Options.max_bgerror_resume_count: 2147483647
2023/01/19-09:26:43.013516 7f033c55dac0            Options.bgerror_resume_retry_interval: 1000000
2023/01/19-09:26:43.013518 7f033c55dac0             Options.allow_data_in_errors: 0
2023/01/19-09:26:43.013519 7f033c55dac0             Options.db_host_id: __hostname__
2023/01/19-09:26:43.013520 7f033c55dac0             Options.max_background_jobs: 2
2023/01/19-09:26:43.013521 7f033c55dac0             Options.max_background_compactions: -1
2023/01/19-09:26:43.013522 7f033c55dac0             Options.max_subcompactions: 1
2023/01/19-09:26:43.013524 7f033c55dac0             Options.avoid_flush_during_shutdown: 0
2023/01/19-09:26:43.013525 7f033c55dac0           Options.writable_file_max_buffer_size: 1048576
2023/01/19-09:26:43.013526 7f033c55dac0             Options.delayed_write_rate : 16777216
2023/01/19-09:26:43.013528 7f033c55dac0             Options.max_total_wal_size: 0
2023/01/19-09:26:43.013530 7f033c55dac0             Options.delete_obsolete_files_period_micros: 21600000000
2023/01/19-09:26:43.013532 7f033c55dac0                   Options.stats_dump_period_sec: 600
2023/01/19-09:26:43.013534 7f033c55dac0                 Options.stats_persist_period_sec: 600
2023/01/19-09:26:43.013536 7f033c55dac0                 Options.stats_history_buffer_size: 1048576
2023/01/19-09:26:43.013538 7f033c55dac0                          Options.max_open_files: -1
2023/01/19-09:26:43.013540 7f033c55dac0                          Options.bytes_per_sync: 0
2023/01/19-09:26:43.013543 7f033c55dac0                      Options.wal_bytes_per_sync: 0
2023/01/19-09:26:43.013546 7f033c55dac0                   Options.strict_bytes_per_sync: 0
2023/01/19-09:26:43.013548 7f033c55dac0       Options.compaction_readahead_size: 0
2023/01/19-09:26:43.013550 7f033c55dac0                  Options.max_background_flushes: -1
2023/01/19-09:26:43.013581 7f033c55dac0 Compression algorithms supported:
2023/01/19-09:26:43.013584 7f033c55dac0 	kZSTDNotFinalCompression supported: 1
2023/01/19-09:26:43.013589 7f033c55dac0 	kZSTD supported: 1
2023/01/19-09:26:43.013590 7f033c55dac0 	kXpressCompression supported: 0
2023/01/19-09:26:43.013591 7f033c55dac0 	kLZ4HCCompression supported: 1
2023/01/19-09:26:43.013591 7f033c55dac0 	kLZ4Compression supported: 1
2023/01/19-09:26:43.013592 7f033c55dac0 	kBZip2Compression supported: 1
2023/01/19-09:26:43.013593 7f033c55dac0 	kZlibCompression supported: 1
2023/01/19-09:26:43.013594 7f033c55dac0 	kSnappyCompression supported: 1
2023/01/19-09:26:43.013597 7f033c55dac0 Fast CRC32 supported: Supported on x86
2023/01/19-09:26:43.022914 7f033c55dac0 [db/db_impl/db_impl_open.cc:283] Creating manifest 1 
2023/01/19-09:26:43.034888 7f033c55dac0 [db/version_set.cc:4758] Recovering from manifest file: /home/sharikon/motoko_bootcamp/motokobootcamp2023-coreproject/.dfx/network/local/state/replicated_state/node-100/ic_consensus_pool/consensus/MANIFEST-000001
2023/01/19-09:26:43.035824 7f033c55dac0 [db/column_family.cc:595] --------------- Options for column family [default]:
2023/01/19-09:26:43.035828 7f033c55dac0               Options.comparator: leveldb.BytewiseComparator
2023/01/19-09:26:43.035830 7f033c55dac0           Options.merge_operator: None
2023/01/19-09:26:43.035832 7f033c55dac0        Options.compaction_filter: None
2023/01/19-09:26:43.035833 7f033c55dac0        Options.compaction_filter_factory: None
2023/01/19-09:26:43.035834 7f033c55dac0  Options.sst_partitioner_factory: None
2023/01/19-09:26:43.035835 7f033c55dac0         Options.memtable_factory: SkipListFactory
2023/01/19-09:26:43.035836 7f033c55dac0            Options.table_factory: BlockBasedTable
2023/01/19-09:26:43.035900 7f033c55dac0            table_factory options:   flush_block_policy_factory: FlushBlockBySizePolicyFactory (0x558d38c10c60)
  cache_index_and_filter_blocks: 0
  cache_index_and_filter_blocks_with_high_priority: 1
  pin_l0_filter_and_index_blocks_in_cache: 0
  pin_top_level_index_and_filter: 1
  index_type: 0
  data_block_index_type: 0
  index_shortening: 1
  data_block_hash_table_util_ratio: 0.750000
  hash_index_allow_collision: 1
  checksum: 1
  no_block_cache: 0
  block_cache: 0x558d38c10cb0
  block_cache_name: LRUCache
  block_cache_options:
    capacity : 8388608
    num_shard_bits : 4
    strict_capacity_limit : 0
    memory_allocator : None
    high_pri_pool_ratio: 0.000
  block_cache_compressed: (nil)
  persistent_cache: (nil)
  block_size: 4096
  block_size_deviation: 10
  block_restart_interval: 16
  index_block_restart_interval: 1
  metadata_block_size: 4096
  partition_filters: 0
  use_delta_encoding: 1
  filter_policy: nullptr
  whole_key_filtering: 1
  verify_compression: 0
  read_amp_bytes_per_bit: 0
  format_version: 4
  enable_index_compression: 1
  block_align: 0
2023/01/19-09:26:43.035912 7f033c55dac0        Options.write_buffer_size: 67108864
2023/01/19-09:26:43.035914 7f033c55dac0  Options.max_write_buffer_number: 2
2023/01/19-09:26:43.035915 7f033c55dac0          Options.compression: Snappy
2023/01/19-09:26:43.035916 7f033c55dac0                  Options.bottommost_compression: Disabled
2023/01/19-09:26:43.035917 7f033c55dac0       Options.prefix_extractor: nullptr
2023/01/19-09:26:43.035919 7f033c55dac0   Options.memtable_insert_with_hint_prefix_extractor: nullptr
2023/01/19-09:26:43.035920 7f033c55dac0             Options.num_levels: 7
2023/01/19-09:26:43.035921 7f033c55dac0        Options.min_write_buffer_number_to_merge: 1
2023/01/19-09:26:43.035922 7f033c55dac0     Options.max_write_buffer_number_to_maintain: 0
2023/01/19-09:26:43.035923 7f033c55dac0     Options.max_write_buffer_size_to_maintain: 0
2023/01/19-09:26:43.035924 7f033c55dac0            Options.bottommost_compression_opts.window_bits: -14
2023/01/19-09:26:43.035925 7f033c55dac0                  Options.bottommost_compression_opts.level: 32767
2023/01/19-09:26:43.035927 7f033c55dac0               Options.bottommost_compression_opts.strategy: 0
2023/01/19-09:26:43.035987 7f033c55dac0         Options.bottommost_compression_opts.max_dict_bytes: 0
2023/01/19-09:26:43.035990 7f033c55dac0         Options.bottommost_compression_opts.zstd_max_train_bytes: 0
2023/01/19-09:26:43.036008 7f033c55dac0         Options.bottommost_compression_opts.parallel_threads: 1
2023/01/19-09:26:43.036009 7f033c55dac0                  Options.bottommost_compression_opts.enabled: false
2023/01/19-09:26:43.036010 7f033c55dac0            Options.compression_opts.window_bits: -14
2023/01/19-09:26:43.036011 7f033c55dac0                  Options.compression_opts.level: 32767
2023/01/19-09:26:43.036012 7f033c55dac0               Options.compression_opts.strategy: 0
2023/01/19-09:26:43.036013 7f033c55dac0         Options.compression_opts.max_dict_bytes: 0
2023/01/19-09:26:43.036014 7f033c55dac0         Options.compression_opts.zstd_max_train_bytes: 0
2023/01/19-09:26:43.036015 7f033c55dac0         Options.compression_opts.parallel_threads: 1
2023/01/19-09:26:43.036017 7f033c55dac0                  Options.compression_opts.enabled: false
2023/01/19-09:26:43.036018 7f033c55dac0      Options.level0_file_num_compaction_trigger: 4
2023/01/19-09:26:43.036019 7f033c55dac0          Options.level0_slowdown_writes_trigger: 20
2023/01/19-09:26:43.036020 7f033c55dac0              Options.level0_stop_writes_trigger: 36
2023/01/19-09:26:43.036021 7f033c55dac0                   Options.target_file_size_base: 67108864
2023/01/19-09:26:43.036022 7f033c55dac0             Options.target_file_size_multiplier: 1
2023/01/19-09:26:43.036023 7f033c55dac0                Options.max_bytes_for_level_base: 268435456
2023/01/19-09:26:43.036024 7f033c55dac0 Options.level_compaction_dynamic_level_bytes: 0
2023/01/19-09:26:43.036025 7f033c55dac0          Options.max_bytes_for_level_multiplier: 10.000000
2023/01/19-09:26:43.036027 7f033c55dac0 Options.max_bytes_for_level_multiplier_addtl[0]: 1
2023/01/19-09:26:43.036028 7f033c55dac0 Options.max_bytes_for_level_multiplier_addtl[1]: 1
2023/01/19-09:26:43.036029 7f033c55dac0 Options.max_bytes_for_level_multiplier_addtl[2]: 1
2023/01/19-09:26:43.036030 7f033c55dac0 Options.max_bytes_for_level_multiplier_addtl[3]: 1
2023/01/19-09:26:43.036032 7f033c55dac0 Options.max_bytes_for_level_multiplier_addtl[4]: 1
2023/01/19-09:26:43.036033 7f033c55dac0 Options.max_bytes_for_level_multiplier_addtl[5]: 1
2023/01/19-09:26:43.036034 7f033c55dac0 Options.max_bytes_for_level_multiplier_addtl[6]: 1
2023/01/19-09:26:43.036035 7f033c55dac0       Options.max_sequential_skip_in_iterations: 8
2023/01/19-09:26:43.036036 7f033c55dac0                    Options.max_compaction_bytes: 1677721600
2023/01/19-09:26:43.036037 7f033c55dac0                        Options.arena_block_size: 8388608
2023/01/19-09:26:43.036038 7f033c55dac0   Options.soft_pending_compaction_bytes_limit: 68719476736
2023/01/19-09:26:43.036039 7f033c55dac0   Options.hard_pending_compaction_bytes_limit: 274877906944
2023/01/19-09:26:43.036040 7f033c55dac0       Options.rate_limit_delay_max_milliseconds: 100
2023/01/19-09:26:43.036041 7f033c55dac0                Options.disable_auto_compactions: 0
2023/01/19-09:26:43.036044 7f033c55dac0                        Options.compaction_style: kCompactionStyleLevel
2023/01/19-09:26:43.036045 7f033c55dac0                          Options.compaction_pri: kMinOverlappingRatio
2023/01/19-09:26:43.036046 7f033c55dac0 Options.compaction_options_universal.size_ratio: 1
2023/01/19-09:26:43.036047 7f033c55dac0 Options.compaction_options_universal.min_merge_width: 2
2023/01/19-09:26:43.036048 7f033c55dac0 Options.compaction_options_universal.max_merge_width: 4294967295
2023/01/19-09:26:43.036049 7f033c55dac0 Options.compaction_options_universal.max_size_amplification_percent: 200
2023/01/19-09:26:43.036050 7f033c55dac0 Options.compaction_options_universal.compression_size_percent: -1
2023/01/19-09:26:43.036051 7f033c55dac0 Options.compaction_options_universal.stop_style: kCompactionStopStyleTotalSize
2023/01/19-09:26:43.036052 7f033c55dac0 Options.compaction_options_fifo.max_table_files_size: 1073741824
2023/01/19-09:26:43.036121 7f033c55dac0 Options.compaction_options_fifo.allow_compaction: 0
2023/01/19-09:26:43.036130 7f033c55dac0                   Options.table_properties_collectors: 
2023/01/19-09:26:43.036132 7f033c55dac0                   Options.inplace_update_support: 0
2023/01/19-09:26:43.036133 7f033c55dac0                 Options.inplace_update_num_locks: 10000
2023/01/19-09:26:43.036134 7f033c55dac0               Options.memtable_prefix_bloom_size_ratio: 0.000000
2023/01/19-09:26:43.036137 7f033c55dac0               Options.memtable_whole_key_filtering: 0
2023/01/19-09:26:43.036139 7f033c55dac0   Options.memtable_huge_page_size: 0
2023/01/19-09:26:43.036140 7f033c55dac0                           Options.bloom_locality: 0
2023/01/19-09:26:43.036141 7f033c55dac0                    Options.max_successive_merges: 0
2023/01/19-09:26:43.036142 7f033c55dac0                Options.optimize_filters_for_hits: 0
2023/01/19-09:26:43.036142 7f033c55dac0                Options.paranoid_file_checks: 0
2023/01/19-09:26:43.036143 7f033c55dac0                Options.force_consistency_checks: 1
2023/01/19-09:26:43.036144 7f033c55dac0                Options.report_bg_io_stats: 0
2023/01/19-09:26:43.036145 7f033c55dac0                               Options.ttl: 2592000
2023/01/19-09:26:43.036146 7f033c55dac0          Options.periodic_compaction_seconds: 0
2023/01/19-09:26:43.036147 7f033c55dac0                    Options.enable_blob_files: false
2023/01/19-09:26:43.036149 7f033c55dac0                        Options.min_blob_size: 0
2023/01/19-09:26:43.036150 7f033c55dac0                       Options.blob_file_size: 268435456
2023/01/19-09:26:43.036151 7f033c55dac0                Options.blob_compression_type: NoCompression
2023/01/19-09:26:43.036151 7f033c55dac0       Options.enable_blob_garbage_collection: false
2023/01/19-09:26:43.036152 7f033c55dac0   Options.blob_garbage_collection_age_cutoff: 0.250000
2023/01/19-09:26:43.039577 7f033c55dac0 [db/version_set.cc:4798] Recovered from manifest file:/home/sharikon/motoko_bootcamp/motokobootcamp2023-coreproject/.dfx/network/local/state/replicated_state/node-100/ic_consensus_pool/consensus/MANIFEST-000001 succeeded,manifest_file_number is 1, next_file_number is 3, last_sequence is 0, log_number is 0,prev_log_number is 0,max_column_family is 0,min_log_number_to_keep is 0
2023/01/19-09:26:43.039584 7f033c55dac0 [db/version_set.cc:4813] Column family [default] (ID 0), log number is 0
2023/01/19-09:26:43.039721 7f033c55dac0 [db/version_set.cc:4112] Creating manifest 3
2023/01/19-09:26:43.056248 7f033c55dac0 [db/column_family.cc:595] --------------- Options for column family [RB]:
2023/01/19-09:26:43.056256 7f033c55dac0               Options.comparator: leveldb.BytewiseComparator
2023/01/19-09:26:43.056258 7f033c55dac0           Options.merge_operator: None
2023/01/19-09:26:43.056260 7f033c55dac0        Options.compaction_filter: filter_outdated
2023/01/19-09:26:43.056261 7f033c55dac0        Options.compaction_filter_factory: None
2023/01/19-09:26:43.056262 7f033c55dac0  Options.sst_partitioner_factory: None
2023/01/19-09:26:43.056263 7f033c55dac0         Options.memtable_factory: SkipListFactory
2023/01/19-09:26:43.056264 7f033c55dac0            Options.table_factory: BlockBasedTable
2023/01/19-09:26:43.056315 7f033c55dac0            table_factory options:   flush_block_policy_factory: FlushBlockBySizePolicyFactory (0x558d38bec560)
  cache_index_and_filter_blocks: 0
  cache_index_and_filter_blocks_with_high_priority: 1
  pin_l0_filter_and_index_blocks_in_cache: 0
  pin_top_level_index_and_filter: 1
  index_type: 0
  data_block_index_type: 0
  index_shortening: 1
  data_block_hash_table_util_ratio: 0.750000
  hash_index_allow_collision: 1
  checksum: 1
  no_block_cache: 0
  block_cache: 0x558d38bf7230
  block_cache_name: LRUCache
  block_cache_options:
    capacity : 8388608
    num_shard_bits : 4
    strict_capacity_limit : 0
    memory_allocator : None
    high_pri_pool_ratio: 0.000
  block_cache_compressed: (nil)
  persistent_cache: (nil)
  block_size: 4096
  block_size_deviation: 10
  block_restart_interval: 16
  index_block_restart_interval: 1
  metadata_block_size: 4096
  partition_filters: 0
  use_delta_encoding: 1
  filter_policy: nullptr
  whole_key_filtering: 1
  verify_compression: 0
  read_amp_bytes_per_bit: 0
  format_version: 4
  enable_index_compression: 1
  block_align: 0
2023/01/19-09:26:43.056317 7f033c55dac0        Options.write_buffer_size: 67108864
2023/01/19-09:26:43.056319 7f033c55dac0  Options.max_write_buffer_number: 2
2023/01/19-09:26:43.056320 7f033c55dac0          Options.compression: NoCompression
2023/01/19-09:26:43.056321 7f033c55dac0                  Options.bottommost_compression: Disabled
2023/01/19-09:26:43.056322 7f033c55dac0       Options.prefix_extractor: nullptr
2023/01/19-09:26:43.056323 7f033c55dac0   Options.memtable_insert_with_hint_prefix_extractor: nullptr
2023/01/19-09:26:43.056324 7f033c55dac0             Options.num_levels: 7
2023/01/19-09:26:43.056325 7f033c55dac0        Options.min_write_buffer_number_to_merge: 1
2023/01/19-09:26:43.056326 7f033c55dac0     Options.max_write_buffer_number_to_maintain: 0
2023/01/19-09:26:43.056327 7f033c55dac0     Options.max_write_buffer_size_to_maintain: 0
2023/01/19-09:26:43.056328 7f033c55dac0            Options.bottommost_compression_opts.window_bits: -14
2023/01/19-09:26:43.056329 7f033c55dac0                  Options.bottommost_compression_opts.level: 32767
2023/01/19-09:26:43.056330 7f033c55dac0               Options.bottommost_compression_opts.strategy: 0
2023/01/19-09:26:43.056331 7f033c55dac0         Options.bottommost_compression_opts.max_dict_bytes: 0
2023/01/19-09:26:43.056332 7f033c55dac0         Options.bottommost_compression_opts.zstd_max_train_bytes: 0
2023/01/19-09:26:43.056333 7f033c55dac0         Options.bottommost_compression_opts.parallel_threads: 1
2023/01/19-09:26:43.056334 7f033c55dac0                  Options.bottommost_compression_opts.enabled: false
2023/01/19-09:26:43.056335 7f033c55dac0            Options.compression_opts.window_bits: -14
2023/01/19-09:26:43.056336 7f033c55dac0                  Options.compression_opts.level: 32767
2023/01/19-09:26:43.056337 7f033c55dac0               Options.compression_opts.strategy: 0
2023/01/19-09:26:43.056338 7f033c55dac0         Options.compression_opts.max_dict_bytes: 0
2023/01/19-09:26:43.056339 7f033c55dac0         Options.compression_opts.zstd_max_train_bytes: 0
2023/01/19-09:26:43.056340 7f033c55dac0         Options.compression_opts.parallel_threads: 1
2023/01/19-09:26:43.056341 7f033c55dac0                  Options.compression_opts.enabled: false
2023/01/19-09:26:43.056406 7f033c55dac0      Options.level0_file_num_compaction_trigger: 4
2023/01/19-09:26:43.056409 7f033c55dac0          Options.level0_slowdown_writes_trigger: 20
2023/01/19-09:26:43.056428 7f033c55dac0              Options.level0_stop_writes_trigger: 36
2023/01/19-09:26:43.056429 7f033c55dac0                   Options.target_file_size_base: 67108864
2023/01/19-09:26:43.056430 7f033c55dac0             Options.target_file_size_multiplier: 1
2023/01/19-09:26:43.056430 7f033c55dac0                Options.max_bytes_for_level_base: 268435456
2023/01/19-09:26:43.056432 7f033c55dac0 Options.level_compaction_dynamic_level_bytes: 0
2023/01/19-09:26:43.056433 7f033c55dac0          Options.max_bytes_for_level_multiplier: 10.000000
2023/01/19-09:26:43.056437 7f033c55dac0 Options.max_bytes_for_level_multiplier_addtl[0]: 1
2023/01/19-09:26:43.056439 7f033c55dac0 Options.max_bytes_for_level_multiplier_addtl[1]: 1
2023/01/19-09:26:43.056440 7f033c55dac0 Options.max_bytes_for_level_multiplier_addtl[2]: 1
2023/01/19-09:26:43.056441 7f033c55dac0 Options.max_bytes_for_level_multiplier_addtl[3]: 1
2023/01/19-09:26:43.056442 7f033c55dac0 Options.max_bytes_for_level_multiplier_addtl[4]: 1
2023/01/19-09:26:43.056443 7f033c55dac0 Options.max_bytes_for_level_multiplier_addtl[5]: 1
2023/01/19-09:26:43.056444 7f033c55dac0 Options.max_bytes_for_level_multiplier_addtl[6]: 1
2023/01/19-09:26:43.056445 7f033c55dac0       Options.max_sequential_skip_in_iterations: 8
2023/01/19-09:26:43.056446 7f033c55dac0                    Options.max_compaction_bytes: 1677721600
2023/01/19-09:26:43.056447 7f033c55dac0                        Options.arena_block_size: 8388608
2023/01/19-09:26:43.056449 7f033c55dac0   Options.soft_pending_compaction_bytes_limit: 68719476736
2023/01/19-09:26:43.056450 7f033c55dac0   Options.hard_pending_compaction_bytes_limit: 274877906944
2023/01/19-09:26:43.056451 7f033c55dac0       Options.rate_limit_delay_max_milliseconds: 100
2023/01/19-09:26:43.056452 7f033c55dac0                Options.disable_auto_compactions: 1
2023/01/19-09:26:43.056455 7f033c55dac0                        Options.compaction_style: kCompactionStyleLevel
2023/01/19-09:26:43.056457 7f033c55dac0                          Options.compaction_pri: kMinOverlappingRatio
2023/01/19-09:26:43.056458 7f033c55dac0 Options.compaction_options_universal.size_ratio: 1
2023/01/19-09:26:43.056459 7f033c55dac0 Options.compaction_options_universal.min_merge_width: 2
2023/01/19-09:26:43.056460 7f033c55dac0 Options.compaction_options_universal.max_merge_width: 4294967295
2023/01/19-09:26:43.056461 7f033c55dac0 Options.compaction_options_universal.max_size_amplification_percent: 200
2023/01/19-09:26:43.056462 7f033c55dac0 Options.compaction_options_universal.compression_size_percent: -1
2023/01/19-09:26:43.056464 7f033c55dac0 Options.compaction_options_universal.stop_style: kCompactionStopStyleTotalSize
2023/01/19-09:26:43.056465 7f033c55dac0 Options.compaction_options_fifo.max_table_files_size: 1073741824
2023/01/19-09:26:43.056466 7f033c55dac0 Options.compaction_options_fifo.allow_compaction: 0
2023/01/19-09:26:43.056474 7f033c55dac0                   Options.table_properties_collectors: 
2023/01/19-09:26:43.056475 7f033c55dac0                   Options.inplace_update_support: 0
2023/01/19-09:26:43.056476 7f033c55dac0                 Options.inplace_update_num_locks: 10000
2023/01/19-09:26:43.056477 7f033c55dac0               Options.memtable_prefix_bloom_size_ratio: 0.000000
2023/01/19-09:26:43.056478 7f033c55dac0               Options.memtable_whole_key_filtering: 0
2023/01/19-09:26:43.056480 7f033c55dac0   Options.memtable_huge_page_size: 0
2023/01/19-09:26:43.056481 7f033c55dac0                           Options.bloom_locality: 0
2023/01/19-09:26:43.056500 7f033c55dac0                    Options.max_successive_merges: 0
2023/01/19-09:26:43.056501 7f033c55dac0                Options.optimize_filters_for_hits: 0
2023/01/19-09:26:43.056502 7f033c55dac0                Options.paranoid_file_checks: 0
2023/01/19-09:26:43.056503 7f033c55dac0                Options.force_consistency_checks: 1
2023/01/19-09:26:43.056551 7f033c55dac0                Options.report_bg_io_stats: 0
2023/01/19-09:26:43.056554 7f033c55dac0                               Options.ttl: 2592000
2023/01/19-09:26:43.056555 7f033c55dac0          Options.periodic_compaction_seconds: 2592000
2023/01/19-09:26:43.056556 7f033c55dac0                    Options.enable_blob_files: false
2023/01/19-09:26:43.056557 7f033c55dac0                        Options.min_blob_size: 0
2023/01/19-09:26:43.056558 7f033c55dac0                       Options.blob_file_size: 268435456
2023/01/19-09:26:43.056559 7f033c55dac0                Options.blob_compression_type: NoCompression
2023/01/19-09:26:43.056560 7f033c55dac0       Options.enable_blob_garbage_collection: false
2023/01/19-09:26:43.056561 7f033c55dac0   Options.blob_garbage_collection_age_cutoff: 0.250000
2023/01/19-09:26:43.056651 7f033c55dac0 [db/db_impl/db_impl.cc:2654] Created column family [RB] (ID 1)
2023/01/19-09:26:43.066830 7f033c55dac0 [db/column_family.cc:595] --------------- Options for column family [FZ]:
2023/01/19-09:26:43.066835 7f033c55dac0               Options.comparator: leveldb.BytewiseComparator
2023/01/19-09:26:43.066837 7f033c55dac0           Options.merge_operator: None
2023/01/19-09:26:43.066839 7f033c55dac0        Options.compaction_filter: filter_outdated
2023/01/19-09:26:43.066840 7f033c55dac0        Options.compaction_filter_factory: None
2023/01/19-09:26:43.066841 7f033c55dac0  Options.sst_partitioner_factory: None
2023/01/19-09:26:43.066842 7f033c55dac0         Options.memtable_factory: SkipListFactory
2023/01/19-09:26:43.066843 7f033c55dac0            Options.table_factory: BlockBasedTable
2023/01/19-09:26:43.066891 7f033c55dac0            table_factory options:   flush_block_policy_factory: FlushBlockBySizePolicyFactory (0x558d38bf3930)
  cache_index_and_filter_blocks: 0
  cache_index_and_filter_blocks_with_high_priority: 1
  pin_l0_filter_and_index_blocks_in_cache: 0
  pin_top_level_index_and_filter: 1
  index_type: 0
  data_block_index_type: 0
  index_shortening: 1
  data_block_hash_table_util_ratio: 0.750000
  hash_index_allow_collision: 1
  checksum: 1
  no_block_cache: 0
  block_cache: 0x558d38bf9370
  block_cache_name: LRUCache
  block_cache_options:
    capacity : 8388608
    num_shard_bits : 4
    strict_capacity_limit : 0
    memory_allocator : None
    high_pri_pool_ratio: 0.000
  block_cache_compressed: (nil)
  persistent_cache: (nil)
  block_size: 4096
  block_size_deviation: 10
  block_restart_interval: 16
  index_block_restart_interval: 1
  metadata_block_size: 4096
  partition_filters: 0
  use_delta_encoding: 1
  filter_policy: nullptr
  whole_key_filtering: 1
  verify_compression: 0
  read_amp_bytes_per_bit: 0
  format_version: 4
  enable_index_compression: 1
  block_align: 0
2023/01/19-09:26:43.066893 7f033c55dac0        Options.write_buffer_size: 67108864
2023/01/19-09:26:43.066894 7f033c55dac0  Options.max_write_buffer_number: 2
2023/01/19-09:26:43.066896 7f033c55dac0          Options.compression: NoCompression
2023/01/19-09:26:43.066897 7f033c55dac0                  Options.bottommost_compression: Disabled
2023/01/19-09:26:43.066897 7f033c55dac0       Options.prefix_extractor: nullptr
2023/01/19-09:26:43.066898 7f033c55dac0   Options.memtable_insert_with_hint_prefix_extractor: nullptr
2023/01/19-09:26:43.066899 7f033c55dac0             Options.num_levels: 7
2023/01/19-09:26:43.066901 7f033c55dac0        Options.min_write_buffer_number_to_merge: 1
2023/01/19-09:26:43.066902 7f033c55dac0     Options.max_write_buffer_number_to_maintain: 0
2023/01/19-09:26:43.066903 7f033c55dac0     Options.max_write_buffer_size_to_maintain: 0
2023/01/19-09:26:43.066904 7f033c55dac0            Options.bottommost_compression_opts.window_bits: -14
2023/01/19-09:26:43.066905 7f033c55dac0                  Options.bottommost_compression_opts.level: 32767
2023/01/19-09:26:43.066906 7f033c55dac0               Options.bottommost_compression_opts.strategy: 0
2023/01/19-09:26:43.066907 7f033c55dac0         Options.bottommost_compression_opts.max_dict_bytes: 0
2023/01/19-09:26:43.066908 7f033c55dac0         Options.bottommost_compression_opts.zstd_max_train_bytes: 0
2023/01/19-09:26:43.066909 7f033c55dac0         Options.bottommost_compression_opts.parallel_threads: 1
2023/01/19-09:26:43.066910 7f033c55dac0                  Options.bottommost_compression_opts.enabled: false
2023/01/19-09:26:43.066911 7f033c55dac0            Options.compression_opts.window_bits: -14
2023/01/19-09:26:43.066912 7f033c55dac0                  Options.compression_opts.level: 32767
2023/01/19-09:26:43.066913 7f033c55dac0               Options.compression_opts.strategy: 0
2023/01/19-09:26:43.066914 7f033c55dac0         Options.compression_opts.max_dict_bytes: 0
2023/01/19-09:26:43.066915 7f033c55dac0         Options.compression_opts.zstd_max_train_bytes: 0
2023/01/19-09:26:43.066916 7f033c55dac0         Options.compression_opts.parallel_threads: 1
2023/01/19-09:26:43.066917 7f033c55dac0                  Options.compression_opts.enabled: false
2023/01/19-09:26:43.066964 7f033c55dac0      Options.level0_file_num_compaction_trigger: 4
2023/01/19-09:26:43.066968 7f033c55dac0          Options.level0_slowdown_writes_trigger: 20
2023/01/19-09:26:43.066968 7f033c55dac0              Options.level0_stop_writes_trigger: 36
2023/01/19-09:26:43.066970 7f033c55dac0                   Options.target_file_size_base: 67108864
2023/01/19-09:26:43.066971 7f033c55dac0             Options.target_file_size_multiplier: 1
2023/01/19-09:26:43.066972 7f033c55dac0                Options.max_bytes_for_level_base: 268435456
2023/01/19-09:26:43.066973 7f033c55dac0 Options.level_compaction_dynamic_level_bytes: 0
2023/01/19-09:26:43.066974 7f033c55dac0          Options.max_bytes_for_level_multiplier: 10.000000
2023/01/19-09:26:43.066978 7f033c55dac0 Options.max_bytes_for_level_multiplier_addtl[0]: 1
2023/01/19-09:26:43.066979 7f033c55dac0 Options.max_bytes_for_level_multiplier_addtl[1]: 1
2023/01/19-09:26:43.066980 7f033c55dac0 Options.max_bytes_for_level_multiplier_addtl[2]: 1
2023/01/19-09:26:43.066981 7f033c55dac0 Options.max_bytes_for_level_multiplier_addtl[3]: 1
2023/01/19-09:26:43.066982 7f033c55dac0 Options.max_bytes_for_level_multiplier_addtl[4]: 1
2023/01/19-09:26:43.066983 7f033c55dac0 Options.max_bytes_for_level_multiplier_addtl[5]: 1
2023/01/19-09:26:43.066985 7f033c55dac0 Options.max_bytes_for_level_multiplier_addtl[6]: 1
2023/01/19-09:26:43.066986 7f033c55dac0       Options.max_sequential_skip_in_iterations: 8
2023/01/19-09:26:43.066987 7f033c55dac0                    Options.max_compaction_bytes: 1677721600
2023/01/19-09:26:43.066988 7f033c55dac0                        Options.arena_block_size: 8388608
2023/01/19-09:26:43.066989 7f033c55dac0   Options.soft_pending_compaction_bytes_limit: 68719476736
2023/01/19-09:26:43.066990 7f033c55dac0   Options.hard_pending_compaction_bytes_limit: 274877906944
2023/01/19-09:26:43.066991 7f033c55dac0       Options.rate_limit_delay_max_milliseconds: 100
2023/01/19-09:26:43.066992 7f033c55dac0                Options.disable_auto_compactions: 1
2023/01/19-09:26:43.066995 7f033c55dac0                        Options.compaction_style: kCompactionStyleLevel
2023/01/19-09:26:43.066997 7f033c55dac0                          Options.compaction_pri: kMinOverlappingRatio
2023/01/19-09:26:43.066998 7f033c55dac0 Options.compaction_options_universal.size_ratio: 1
2023/01/19-09:26:43.066999 7f033c55dac0 Options.compaction_options_universal.min_merge_width: 2
2023/01/19-09:26:43.066999 7f033c55dac0 Options.compaction_options_universal.max_merge_width: 4294967295
2023/01/19-09:26:43.067000 7f033c55dac0 Options.compaction_options_universal.max_size_amplification_percent: 200
2023/01/19-09:26:43.067019 7f033c55dac0 Options.compaction_options_universal.compression_size_percent: -1
2023/01/19-09:26:43.067021 7f033c55dac0 Options.compaction_options_universal.stop_style: kCompactionStopStyleTotalSize
2023/01/19-09:26:43.067022 7f033c55dac0 Options.compaction_options_fifo.max_table_files_size: 1073741824
2023/01/19-09:26:43.067022 7f033c55dac0 Options.compaction_options_fifo.allow_compaction: 0
2023/01/19-09:26:43.067028 7f033c55dac0                   Options.table_properties_collectors: 
2023/01/19-09:26:43.067029 7f033c55dac0                   Options.inplace_update_support: 0
2023/01/19-09:26:43.067030 7f033c55dac0                 Options.inplace_update_num_locks: 10000
2023/01/19-09:26:43.067031 7f033c55dac0               Options.memtable_prefix_bloom_size_ratio: 0.000000
2023/01/19-09:26:43.067033 7f033c55dac0               Options.memtable_whole_key_filtering: 0
2023/01/19-09:26:43.067033 7f033c55dac0   Options.memtable_huge_page_size: 0
2023/01/19-09:26:43.067034 7f033c55dac0                           Options.bloom_locality: 0
2023/01/19-09:26:43.067035 7f033c55dac0                    Options.max_successive_merges: 0
2023/01/19-09:26:43.067036 7f033c55dac0                Options.optimize_filters_for_hits: 0
2023/01/19-09:26:43.067037 7f033c55dac0                Options.paranoid_file_checks: 0
2023/01/19-09:26:43.067038 7f033c55dac0                Options.force_consistency_checks: 1
2023/01/19-09:26:43.067117 7f033c55dac0                Options.report_bg_io_stats: 0
2023/01/19-09:26:43.067120 7f033c55dac0                               Options.ttl: 2592000
2023/01/19-09:26:43.067121 7f033c55dac0          Options.periodic_compaction_seconds: 2592000
2023/01/19-09:26:43.067122 7f033c55dac0                    Options.enable_blob_files: false
2023/01/19-09:26:43.067124 7f033c55dac0                        Options.min_blob_size: 0
2023/01/19-09:26:43.067124 7f033c55dac0                       Options.blob_file_size: 268435456
2023/01/19-09:26:43.067126 7f033c55dac0                Options.blob_compression_type: NoCompression
2023/01/19-09:26:43.067127 7f033c55dac0       Options.enable_blob_garbage_collection: false
2023/01/19-09:26:43.067128 7f033c55dac0   Options.blob_garbage_collection_age_cutoff: 0.250000
2023/01/19-09:26:43.067200 7f033c55dac0 [db/db_impl/db_impl.cc:2654] Created column family [FZ] (ID 2)
2023/01/19-09:26:43.077096 7f033c55dac0 [db/column_family.cc:595] --------------- Options for column family [NZ]:
2023/01/19-09:26:43.077104 7f033c55dac0               Options.comparator: leveldb.BytewiseComparator
2023/01/19-09:26:43.077105 7f033c55dac0           Options.merge_operator: None
2023/01/19-09:26:43.077108 7f033c55dac0        Options.compaction_filter: filter_outdated
2023/01/19-09:26:43.077109 7f033c55dac0        Options.compaction_filter_factory: None
2023/01/19-09:26:43.077110 7f033c55dac0  Options.sst_partitioner_factory: None
2023/01/19-09:26:43.077112 7f033c55dac0         Options.memtable_factory: SkipListFactory
2023/01/19-09:26:43.077113 7f033c55dac0            Options.table_factory: BlockBasedTable
2023/01/19-09:26:43.077141 7f033c55dac0            table_factory options:   flush_block_policy_factory: FlushBlockBySizePolicyFactory (0x558d38bf3b20)
  cache_index_and_filter_blocks: 0
  cache_index_and_filter_blocks_with_high_priority: 1
  pin_l0_filter_and_index_blocks_in_cache: 0
  pin_top_level_index_and_filter: 1
  index_type: 0
  data_block_index_type: 0
  index_shortening: 1
  data_block_hash_table_util_ratio: 0.750000
  hash_index_allow_collision: 1
  checksum: 1
  no_block_cache: 0
  block_cache: 0x558d38bfb4b0
  block_cache_name: LRUCache
  block_cache_options:
    capacity : 8388608
    num_shard_bits : 4
    strict_capacity_limit : 0
    memory_allocator : None
    high_pri_pool_ratio: 0.000
  block_cache_compressed: (nil)
  persistent_cache: (nil)
  block_size: 4096
  block_size_deviation: 10
  block_restart_interval: 16
  index_block_restart_interval: 1
  metadata_block_size: 4096
  partition_filters: 0
  use_delta_encoding: 1
  filter_policy: nullptr
  whole_key_filtering: 1
  verify_compression: 0
  read_amp_bytes_per_bit: 0
  format_version: 4
  enable_index_compression: 1
  block_align: 0
2023/01/19-09:26:43.077142 7f033c55dac0        Options.write_buffer_size: 67108864
2023/01/19-09:26:43.077143 7f033c55dac0  Options.max_write_buffer_number: 2
2023/01/19-09:26:43.077144 7f033c55dac0          Options.compression: NoCompression
2023/01/19-09:26:43.077145 7f033c55dac0                  Options.bottommost_compression: Disabled
2023/01/19-09:26:43.077146 7f033c55dac0       Options.prefix_extractor: nullptr
2023/01/19-09:26:43.077147 7f033c55dac0   Options.memtable_insert_with_hint_prefix_extractor: nullptr
2023/01/19-09:26:43.077148 7f033c55dac0             Options.num_levels: 7
2023/01/19-09:26:43.077149 7f033c55dac0        Options.min_write_buffer_number_to_merge: 1
2023/01/19-09:26:43.077150 7f033c55dac0     Options.max_write_buffer_number_to_maintain: 0
